image: arena_one.pgm
resolution: 0.050000
origin: [-8.500000, -8.500000, 1.000000]
negate: 0
occupied_thresh: 0.65
free_thresh: 0.196

